Prime1,Sum,Prime2
2,4,2
3,6,3
3,8,5
3,10,7
3,14,11
3,16,13
3,20,17
3,22,19
3,26,23
5,10,5
5,12,7
5,16,11
5,18,13
5,22,17
5,24,19
5,28,23
7,14,7
7,18,11
7,20,13
7,24,17
7,26,19
7,30,23
11,22,11
11,24,13
11,28,17
11,30,19
13,26,13
13,30,17
